1.137809488761961
0.9912360471875732
0.9905158056978733
0.9898223522373465
0.9890584353036107
0.9881796697692745
0.9871485453525207
0.9859198485980343
0.9844301712807747
0.9825840751409513
0.9802235464802369
0.9769902529995781
0.971990298400872
0.9650992674640402
0.9585078725285131
0.9518218466016986
0.9434632309101967
0.9331148698542033
0.9218164836287555
0.9092216179052437
0.8948567574470128
0.8807851219543938
0.8673238489550399
0.851976620007587
0.835650315032124
0.8192627375433797
0.800320276314542
0.7790506328012063
0.7553680100778368
0.7297700452576631
0.7042293777806693
0.6794275348166481
0.6543985704834737
0.6323579644561045
0.6136285502430278
0.5965572500531138
0.5789551472057779
0.5598223943768872
0.5372059333434847
0.5193723996633735
0.4995306268164835
0.4748352965873046
0.4496494016399109
0.42735513627729227
0.40683403907798155
0.39484196234635155
0.38204231584587156
0.3782041508285298
0.3623243086737423
0.36542722289573576
0.3500374237213032
0.3549470585115672
0.3442701088272003
0.3529743423103191
0.3406897640521177
0.34726160308291654
0.3385706530724555
0.3476095733766223
0.3364856199739931
0.34355644048906814
0.3350918766361031
0.3442621778229302
0.3336022301971606
0.34151571848052886
0.3320892275210766
0.34289341253190253
0.33026200042470844
0.34255895344944154
0.32780872320215637
0.3440502911900764
0.3241946967661982
0.3449891467092896
0.32115583340836373
0.34443170015237273
0.3201171357271732
0.34276601372877485
0.320459490748588
0.34027721076468176
0.3224350448531292
0.3365103428234342
0.32502399932890663
0.33101451142331095
0.32776360115604414
0.3261896882188485
0.3287869298368014
0.3243668365594602
0.32815716792516975
0.3244441703532363
0.3260653957209149
0.32500991200010637
0.32332480621925896
0.32523288350254925
0.321656406989395
0.3243387241597462
0.32131851836111214
0.3225430493504303
0.32118292405641585
0.3208133008368579
0.3205487898759448
0.3195867132914164
0.31940818281918776
0.3185681216800081
0.31810172478536614
0.3174543541626555
0.31682498041073215
0.31621665729925935
0.3155601753767809
0.3149195767806587
0.3142529473757017
0.31357148701927723
0.3128681331661342
0.31213857395490185
0.311385402884359
0.3106142126925831
0.30983731049259416
0.3090690881094982
0.3083214362620514
0.30760092090306407
0.3069093221207535
0.3062460363993493
0.3056099855901297
0.30500034936131865
0.3044164623041235
0.3038574269591772
0.3033218339350027
0.30280774720489256
0.302312911635661
0.3018350345258206
0.3013720095422781
0.3009220321281244
0.3004836219098287
0.30005559100414914
0.29963699151482914
0.29922706179301223
0.29882517995029206
0.29843082676371113
0.29804355726557097
0.2976629793912796
0.2972887380059732
0.2969205028874448
0.29655795956030556
0.2962008021620244
0.2958487277528656
0.29550143166309945
0.2951586036152197
0.29481992448064537
0.2944850636434819
0.29415367706103457
0.2938254062437955
0.2934998785364428
0.2931767092722418
0.2928555065936876
0.29253587996308994
0.29221745357872725
0.29189988596890837
0.29158289679856425
0.2912663011687947
0.29095005017669373
0.29063427408855735
0.29031932133996674
0.2900057834679117
0.28969449446314743
0.2893864947482934
0.2890829562985279
0.28878507568139106
0.2884939527389142
0.2882104793812991
0.28793526167694616
0.287668589009067
0.28741045057750586
0.2871605877568829
0.28691856493201146
0.286683842071105
0.28645583724056745
0.2862339734052395
0.28601770889995126
0.28580655399144816
0.2856000771279446
0.2853979044163997
0.2851997152083152
0.28500523585946846
0.2848142329965464
0.2846265070623899
0.2844418865253798
0.28426022289552855
0.28408138655021453
0.28390526330122157
0.28373175160538233
0.2835607603155403
0.28339220687518457
0.28322601587206225
0.2830621178793977
0.28290044852612145
0.2827409477487988
0.28258355918747585
0.2824282296955146
0.28227490893979273
0.2821235490726942
0.28197410446126314
0.28182653146204295
0.28168078823254905
0.28153683457223805
0.2813946317873375
0.28125414257506326
0.28111533092367036
0.28097816202550047
0.28084260220076007
0.28070861883020426
0.2805761802952513
0.2804452559243462
0.2803158159445972
0.2801878314378993
0.28006127430089367
0.27993611720823514
0.27981233357871776
0.27968989754389567
0.27956878391889484
0.27944896817515286
0.2793304264148709
0.27921313534699466
0.2790970722645657
0.2789822150233065
0.27886854202132333
0.27875603217982786
0.2786446649247861
0.2785344201694139
0.27842527829746067
0.27831722014720756
0.2782102269961336
0.27810428054619757
0.27799936290969296
0.2778954565956313
0.27779254449662205
0.27769060987621147
0.27758963635664546
0.2774896079070361
0.277390508831895
0.2772923237600081
0.2771950376336344
0.2770986356979926
0.27700310349102386
0.2769084268333993
0.2768145918187578
0.27672158480414377
0.276629392400632
0.2765380014641119
0.27644739908621324
0.27635757258534555
0.27626850949783904
0.27618019756915313
0.27609262474513224
0.2760057791632868
0.2759196491440705
0.27583422318212364
0.2757494899374541
0.2756654382265268
0.27558205701322136
0.2754993353996272
0.27541726261662564
0.2753358280142226
0.2752550210515796
0.27517483128668424
0.2750952483656065
0.2750162620112653
0.2749378620116356
0.27486003820730637
0.27478278047829596
0.2747060787300147
0.27462992287825283
0.27455430283305143
0.27447920848130297
0.27440462966788637
0.2743305561751424
0.2742569777004371
0.27418388383153797
0.2741112640194858
0.27403910754857974
0.27396740350304793
0.2738961407298926
0.2738253077973154
0.27375489294802324
0.2736848840465872
0.2736152685198865
0.27354603328947
0.27347716469446165
0.2734086484033592
0.2733404693127377
0.27327261143048165
0.2732050577406471
0.273137790046444
0.2730707887870506
0.27300403282300756
0.272937499183702
0.2728711627689362
0.2728049959945781
0.2727389683698265
0.27267304599035946
0.27260719092750446
0.27254136048813504
0.2724755063129236
0.27240957327126525
0.2723434980988394
0.2722772077073702
0.27221061707412486
0.272143626589101
0.27207611869778237
0.2720079536230161
0.27193896387569116
0.2718689471635864
0.2717976571723195
0.2717247915117379
0.2716499758864694
0.27157274325970665
0.2714925064592335
0.2714085224159673
0.2713198462824055
0.27122527467639274
0.2711232806584061
0.2710119517960298
0.2708889625670968
0.27075165239091237
0.27059734771456634
0.27042414006176274
0.27023229610883054
0.2700260575365821
0.2698146153436568
0.2696103894108281
0.2694244347540037
0.26926223935153326
0.26912329306925986
0.26900371244683796
0.26889896243320693
0.2688052039928972
0.2687195564698562
0.2686399396295977
0.2685648628977346
0.2684932620824053
0.26842438185427725
0.26835768804189214
0.2682928010043888
0.26822944644613667
0.2681674209621413
0.2681065691114216
0.26804676867167426
0.26798792122305076
0.2679299460039385
0.26787277573173823
0.2678163536282571
0.2677606312251542
0.26770556670783374
0.26765112364930804
0.2675972700336041
0.2675439774960216
0.26749122072622045
0.2674389769940189
0.2673872257683143
0.2673359484074289
0.26728512790491704
0.2672347486789597
0.2671847963963972
0.2671352578245762
0.2670861207057095
0.2670373736496169
0.26698900604158354
0.2669410079627445
0.26689337012092174
0.2668460837902422
0.26679914075817773
0.266752533278902
0.2667062540320447
0.26666029608609115
0.26661465286579444
0.2665693181230697
0.26652428591092
0.2664795505600207
0.2664351066576341
0.2663909490285785
0.26634707271801245
0.266303472975829
0.26626014524247943
0.26621708513607373
0.266174288440616
0.266131751095266
0.2660894691845059
0.2660474389291388
0.26600565667801956
0.2659641189004615
0.26592282217923824
0.2658817632041407
0.26584093876602355
0.26580034575130596
0.2657599811368792
0.26571984198538806
0.2656799254408524
0.26564022872459775
0.26560074913147325
0.26556148402632435
0.2655224308407078
0.2654835870698232
0.2654449502696461
0.2654065180542461
0.2653682880932721
0.2653302581096003
0.26529242587711804
0.2652547892186504
0.2652173460040035
0.2651800941481257
0.2651430316093736
0.2651061563878747
0.26506946652398533
0.26503296009682886
0.2649966352229154
0.26496049005483346
0.26492452278001166
0.26488873161954224
0.26485311482706403
0.2648176706877046
0.26478239751707067
0.2647472936602861
0.264712357491081
0.2646775874109189
0.2646429818481643
0.26460853925729105
0.26457425811812274
0.2645401369351081
0.26450617423662803
0.2644723685743294
0.2644387185224924
0.2644052226774157
0.26437187965683734
0.2643386880993673
0.2643056466639515
0.26427275402935224
0.26424000889364757
0.2642074099737553
0.26417495600496754
0.2641426457405067
0.2641104779510963
0.26407845142454767
0.26404656496535944
0.2640148173943328
0.26398320754820004
0.26395173427926066
0.26392039645504
0.2638891929579469
0.26385812268494935
0.2638271845472602
0.2637963774700321
0.26376570039205804
0.26373515226548805
0.26370473205554823
0.26367443874027235
0.2636442713102377
0.2636142287683106
0.26358431012940037
0.26355451442021754
0.26352484067903964
0.2634952879554849
0.26346585531028877
0.26343654181509063
0.2634073465522235
0.26337826861450747
0.2633493071050535
0.26332046113706664
0.2632917298336593
0.2632631123276628
0.2632346077614504
0.26320621528676075
0.263177934064523
0.2631497632646942
0.2631217020660905
0.2630937496562278
0.2630659052311676
0.2630381679953593
0.2630105371614951
0.2629830119503574
0.26295559159068005
0.2629282753190039
0.2629010623795402
0.2628739520240358
0.2628469435116376
0.2628200361087676
0.2627932290889874
0.2627665217328813
0.2627399133279271
0.26271340316837727
0.2626869905551413
0.26266067479566585
0.26263445520382256
0.26260833109979415
0.2625823018099623
0.2625563666667997
0.2625305250087615
0.26250477618017803
0.2624791195311516
0.2624535544174529
0.26242808020041786
0.2624026962468489
0.26237740192891323
0.26235219662404746
