2.1521062519519734
1.5977304979662539
1.3831304983020976
1.2474313516055426
1.1219425408673713
1.0716563488335338
0.99351217830214
0.921021457776651
0.8595429043083396
0.7947012215990186
0.7323556735648769
0.678555580922006
0.6325962884493587
0.5884312648275924
0.5415841906132477
0.4907638156221546
0.4350235711087624
0.4077166255101013
0.3873872195723529
0.363755603525173
0.3285964695755806
0.3101602128121786
0.30036914412335597
0.293928836221525
0.28892831015896786
0.2846673974923576
0.28079658391277384
0.2769419863661417
0.2723707427879598
0.265168387852183
0.2515137975647483
0.23014230816608586
0.22197351310145025
0.2170887090309258
0.2140006953331496
0.2115397364453663
0.20944628946101218
0.2076062435108233
0.20595694880847842
0.20445927164804964
0.20308656589864854
0.20181954091958126
0.20064358362415413
0.19954723603335514
0.19852126977072335
0.19755809228216278
0.19665134861188746
0.19579564423914916
0.1949863460152775
0.19421943529769445
0.19349139705336885
0.19279913442172508
0.19213990172786663
0.19151125114872206
0.1909109896714097
0.190337143940028
0.18978793123880744
0.189261735312757
0.18875708604784006
0.1882726422639748
0.18780717704334302
0.1873595651421033
0.18692877212808773
0.18651384495899137
0.18611390377097056
0.18572813469065305
0.18535578351743265
0.18499615014975226
0.18464858365053047
0.18431247786416702
0.1839872675115774
0.1836724247011441
0.18336745580289948
0.18307189864100923
0.18278531996610453
0.18250731317440777
0.18223749624512914
0.1819755098714348
0.1817210157635347
0.18147369510517525
0.18123324714719963
0.1809993879238249
0.18077184907904198
0.18055037679201993
0.1803347307917083
0.18012468345192872
0.17992001895924875
0.17972053254676718
0.17952602978768717
0.17933632594321527
0.17915124535989058
0.17897062091195523
0.17879429348483297
0.17862211149616306
0.1784539304512066
0.17828961252973324
0.1781290262017887
0.17797204586998536
0.17781855153617268
0.1776684284905577
0.17752156702149743
0.17737786214437704
0.17723721334809028
0.1770995243578076
0.17696470291279717
0.1768326605581987
0.17670331244971774
0.17657657717031286
0.17645237655801757
0.17633063554410636
0.17621128200088318
0.17609424659842748
0.17597946266968026
0.17586686608330943
0.17575639512382926
0.17564799037849554
0.17554159463052493
0.17543715275823488
0.1753346116397191
0.17523392006269897
0.1751350286392363
0.1750378897249933
0.174942457342759
0.17484868710998588
0.17475653617008302
0.17466596312724902
0.17457692798462543
0.17448939208557776
0.1744033180579183
0.17431866976090196
0.17423541223483283
0.17415351165313225
0.17407293527672915
0.17399365141064294
0.17391562936263333
0.1738388394038101
0.1737632527310802
0.17368884143135271
0.17361557844739
0.17354343754522109
0.1734723932830409
0.17340242098150888
0.17333349669537582
0.17326559718637155
0.17319869989728973
0.17313278292720197
0.17306782500775286
0.17300380548047284
0.1729407042750656
0.17287850188861512
0.17281717936567093
0.17275671827916736
0.17269710071213706
0.1726383092401785
0.17258032691464298
0.17252313724650672
0.17246672419089434
0.17241107213222698
0.17235616586995847
0.1723019906048798
0.17224853192596398
0.17219577579772344
0.17214370854805777
0.1720923168565742
0.172041587743352
0.17199150855813863
0.17194206696995376
0.17189325095708072
0.17184504879744053
0.1717974490593139
0.17175044059241565
0.1717040125192867
0.17165815422700875
0.17161285535921325
0.17156810580838236
0.17152389570842314
0.17148021542750638
0.1714370555611608
0.1713944069256076
0.17135226055133054
0.1713106076768672
0.1712694397428178
0.17122874838605615
0.17118852543414223
0.17114876289992276
0.17110945297631475
0.17107058803126116
0.17103216060286325
0.17099416339466303
0.17095658927109422
0.1709194312530712
0.1708826825137303
0.17084633637430374
0.17081038630013448
0.17077482589680837
0.17073964890642007
0.17070484920395285
0.17067042079377331
0.17063635780623648
0.17060265449439865
0.17056930523083225
0.17053630450453555
0.1705036469179445
0.17047132718403138
0.17043934012349116
0.17040768066201864
0.1703763438276611
0.17034532474825703
0.17031461864894554
0.17028422084975467
0.17025412676325916
0.17022433189230357
0.17019483182780024
0.17016562224658593
0.17013669890933938
0.17010805765856282
0.1700796944166227
0.17005160518383888
0.17002378603663773
0.16999623312575
0.1699689426744647
0.1699419109769294
0.1699151343964982
0.169888609364127
0.1698623323768103
0.16983629999606628
0.16981050884645796
0.1697849556141569
0.16975963704554756
0.1697345499458671
0.16970969117788376
0.1696850576606074
0.16966064636803974
0.1696364543279527
0.16961247862070117
0.16958871637807046
0.1695651647821451
0.16954182106421722
0.16951868250371774
0.16949574642717563
0.16947301020720648
0.16945047126152168
0.1694281270519713
0.16940597508360344
0.16938401290375135
0.1693622381011454
0.16934064830503878
0.1693192411843682
0.16929801444692413
0.16927696583854732
0.1692560931423437
0.16923539417791852
0.16921486680063064
0.16919450890086365
0.1691743184033123
0.1691542932662945
0.16913443148106855
0.16911473107117694
0.16909519009179846
0.16907580662912125
0.16905657879972702
0.16903750474999102
0.16901858265549732
0.1689998107204648
0.1689811871771917
0.16896271028550824
0.16894437833224077
0.16892618963069747
0.16890814252015426
0.16889023536535902
0.16887246655604915
0.1688548345064726
0.16883733765492592
0.16881997446330266
0.1688027434166473
0.1687856430227234
0.16876867181159
0.16875182833518887
0.1687351111669373
0.16871851890133258
0.1687020501535671
0.16868570355914728
0.16866947777352267
0.16865337147172632
0.16863738334801728
0.16862151211553697
0.16860575650596557
0.16859011526919362
0.16857458717299617
0.16855917100271262
0.16854386556093845
0.1685286696672181
0.16851358215774884
0.16849860188508595
0.16848372771785972
0.1684689585404939
0.16845429325293226
0.16843973077036875
0.16842527002298638
0.16841090995569966
0.16839664952790012
0.16838248771321285
0.16836842349925094
0.16835445588738118
0.16834058389249087
0.16832680654275833
0.168313122879434
0.16829953195661684
0.16828603284104543
0.16827262461188242
0.16825930636051425
0.1682460771903465
0.16823293621660468
0.16821988256614492
0.16820691537725949
0.16819403379949335
0.16818123699346013
0.1681685241306635
0.16815589439332027
0.16814334697419087
0.16813088107640745
0.1681184959133083
0.16810619070827887
0.16809396469458723
0.1680818171152313
0.16806974722278348
0.16805775427923955
0.16804583755587502
0.16803399633309327
0.16802222990028973
0.1680105375557069
0.16799891860630373
0.16798737236761235
0.16797589816361486
0.16796449532660718
0.16795316319707515
0.16794190112356946
0.16793070846258137
0.16791958457842326
0.1679085288431105
0.16789754063624643
0.16788661934490465
0.16787576436352175
0.16786497509378473
0.16785425094452214
0.1678435913316005
0.16783299567781884
0.16782246341280602
0.1678119939729205
0.16780158680115176
0.16779124134702342
0.16778095706649745
0.16777073342187995
0.167760569881731
0.1677504659207719
0.16774042101979725
0.1677304346655893
0.16772050635082866
0.16771063557401195
0.16770082183937002
0.16769106465678293
0.16768136354170354
0.1676717180150769
0.16766212760326135
0.1676525918379556
0.16764311025612172
0.16763368239991222
0.16762430781659662
0.16761498605849096
0.1676057166828899
0.1675964992519933
0.16758733333284237
0.16757821849725285
0.16756915432174535
0.16756014038748848
0.1675511762802258
0.16754226159022406
0.1675333959122023
0.16752457884527766
0.16751580999290444
0.16750708896281477
0.1674984153669613
0.16748978882146257
0.167481208946545
0.16747267536648838
0.16746418770957422
0.1674557456080303
0.16744734869798
0.16743899661939027
0.1674306890160204
0.1674224255353741
0.1674142058286485
0.1674060295506882
0.1673978963599353
0.16738980591838476
0.16738175789153673
0.1673737519483541
0.16736578776121258
0.16735786500586397
0.16734998336138593
0.16734214251014462
0.16733434213775028
0.16732658193301572
0.167318861587917
0.16731118079755378
0.16730353926010738
0.16729593667680395
0.16728837275187597
0.16728084719252423
0.16727335970888182
0.16726591001397476
0.16725849782368965
0.16725112285673535
0.1672437848346103
0.16723648348156464
0.16722921852457057
0.16722198969328642
0.16721479672002323
0.1672076393397148
0.16720051728988328
0.16719343031060754
0.16718637814449497
0.16717936053664803
0.1671723772346354
0.1671654279884612
0.1671585125505365
0.16715163067565159
0.16714478212094488
0.16713796664587727
0.1671311840122023
0.16712443398394136
0.1671177163273546
0.1671110308109147
0.16710437720528298
0.16709775528328127
0.16709116481986716
0.16708460559210916
0.16707807737916133
0.16707157996224087
0.16706511312460168
0.16705867665151286
0.16705227033023273
0.16704589394998842
0.16703954730195247
0.16703323017921984
0.16702694237678437
0.16702068369152182
0.16701445392216346
0.16700825286927573
0.1670020803352433
0.1669959361242426
0.16698982004222535
0.1669837318968983
0.16697767149770154
0.16697163865579132
0.16696563318401764
0.1669596548969088
0.16695370361065026
0.1669477791430675
0.16694188131360646
0.16693600994331673
0.1669301648548323
0.1669243458723568
0.1669185528216421
0.16691278552997604
0.16690704382616037
0.16690132754049894
0.16689563650477765
0.16688997055225127
0.16688432951762436
0.1668787132370372
0.16687312154805142
0.16686755428963168
0.16686201130213332
0.16685649242728434
0.16685099750817467
0.16684552638923708
0.16684007891623673
0.16683465493625352
0.1668292542976714
0.1668238768501619
0.1668185224446705
0.1668131909334054
0.1668078821698213
0.1668025960086092
0.16679733230568017
0.16679209091815514
0.16678687170435075
0.16678167452376783
0.16677649923707696
0.1667713457061094
0.1667662137938423
0.16676110336438837
0.166756014282983
0.16675094641597368
0.1667458996308073
0.1667408737960203
0.1667358687812262
0.16673088445710502
0.1667259206953925
