1.7934232621735102
1.5811390672241963
1.5811389812352403
1.5811389756762444
1.5811389751838756
1.581138975134965
1.5811389751258664
1.581138975120351
1.581138975115158
1.5811389751099947
1.5811389751048344
1.5811389750996743
1.5811389750945148
1.581138975089356
1.581138975084197
1.5811389750790388
1.5811389750738807
1.581138975068723
1.5811389750635658
1.5811389750584088
1.5811389750532523
1.581138975048096
1.5811389750429403
1.5811389750377847
1.5811389750326297
1.581138975027475
1.5811389750223206
1.5811389750171665
1.581138975012013
1.5811389750068598
1.5811389750017066
1.581138974996554
1.5811389749914022
1.58113897498625
1.5811389749810985
1.5811389749759475
1.581138974970797
1.5811389749656466
1.5811389749604965
1.5811389749553468
1.5811389749501976
1.5811389749450484
1.5811389749398999
1.581138974934752
1.5811389749296039
1.5811389749244564
1.5811389749193092
1.5811389749141627
1.5811389749090161
1.58113897490387
1.5811389748987246
1.5811389748935791
1.5811389748884341
1.5811389748832896
1.5811389748781453
1.5811389748730014
1.5811389748678577
1.581138974862715
1.581138974857572
1.5811389748524296
1.5811389748472875
1.581138974842146
1.5811389748370044
1.5811389748318636
1.5811389748267233
1.581138974821583
1.581138974816443
1.5811389748113034
1.5811389748061642
1.5811389748010254
1.5811389747958873
1.581138974790749
1.581138974785611
1.5811389747804738
1.5811389747753368
1.5811389747702003
1.5811389747650642
1.581138974759928
1.5811389747547926
1.5811389747496574
1.5811389747445226
1.581138974739388
1.581138974734254
1.5811389747291202
1.5811389747239868
1.581138974718854
1.5811389747137214
1.5811389747085889
1.5811389747034568
1.5811389746983255
1.5811389746931943
1.5811389746880633
1.581138974682933
1.5811389746778026
1.581138974672673
1.5811389746675435
1.5811389746624143
1.581138974657286
1.5811389746521574
1.5811389746470295
1.5811389746419025
1.5811389746367748
1.5811389746316482
1.5811389746265212
1.581138974621395
1.5811389746162696
1.5811389746111442
1.581138974606019
1.5811389746008941
1.58113897459577
1.581138974590646
1.5811389745855222
1.581138974580399
1.5811389745752762
1.5811389745701536
1.5811389745650315
1.5811389745599096
1.5811389745547881
1.581138974549667
1.581138974544546
1.5811389745394255
1.5811389745343056
1.5811389745291857
1.5811389745240667
1.5811389745189477
1.5811389745138291
1.581138974508711
1.5811389745035929
1.5811389744984756
1.5811389744933582
1.5811389744882416
1.581138974483125
1.581138974478009
1.581138974472893
1.581138974467778
1.5811389744626627
1.5811389744575481
1.581138974452434
1.5811389744473199
1.5811389744422064
1.581138974437093
1.5811389744319804
1.581138974426868
1.5811389744217559
1.581138974416644
1.5811389744115325
1.5811389744064215
1.581138974401311
1.5811389743962005
1.5811389743910904
1.581138974385981
1.5811389743808717
1.5811389743757627
1.5811389743706543
1.581138974365546
1.581138974360438
1.5811389743553308
1.5811389743502235
1.5811389743451167
1.5811389743400104
1.5811389743349045
1.5811389743297986
1.5811389743246935
1.5811389743195883
1.5811389743144837
1.5811389743093796
1.5811389743042754
1.5811389742991724
1.581138974294069
1.581138974288966
1.5811389742838637
1.5811389742787616
1.5811389742736595
1.5811389742685584
1.5811389742634572
1.5811389742583568
1.5811389742532564
1.5811389742481563
1.5811389742430568
1.5811389742379576
1.5811389742328585
1.5811389742277602
1.581138974222662
1.5811389742175643
1.5811389742124669
1.5811389742073696
1.581138974202273
1.5811389741971766
1.5811389741920807
1.5811389741869846
1.5811389741818898
1.5811389741767947
1.5811389741717001
1.5811389741666058
1.581138974161512
1.5811389741564181
1.5811389741513253
1.5811389741462323
1.58113897414114
1.5811389741360478
1.5811389741309558
1.5811389741258646
1.5811389741207738
1.581138974115683
1.5811389741105928
1.5811389741055026
1.5811389741004132
1.5811389740953237
1.581138974090235
1.5811389740851463
1.5811389740800583
1.5811389740749702
1.581138974069883
1.5811389740647959
1.581138974059709
1.5811389740546224
1.5811389740495365
1.5811389740444506
1.5811389740393655
1.5811389740342805
1.581138974029196
1.5811389740241117
1.581138974019028
1.581138974013944
1.5811389740088608
1.5811389740037785
1.5811389739986959
1.581138973993614
1.5811389739885318
1.5811389739834507
1.5811389739783697
1.5811389739732888
1.5811389739682087
1.5811389739631283
1.5811389739580486
1.5811389739529695
1.5811389739478907
1.5811389739428117
1.5811389739377337
1.5811389739326556
1.5811389739275783
1.5811389739225012
1.5811389739174242
1.5811389739123478
1.5811389739072716
1.581138973902196
1.5811389738971207
1.5811389738920456
1.5811389738869712
1.5811389738818966
1.5811389738768227
1.5811389738717494
1.581138973866676
1.581138973861603
1.5811389738565307
1.5811389738514583
1.5811389738463866
1.581138973841315
1.581138973836244
1.5811389738311732
1.581138973826103
1.5811389738210329
1.5811389738159631
1.5811389738108939
1.5811389738058246
1.5811389738007562
1.581138973795688
1.5811389737906199
1.5811389737855523
1.581138973780485
1.581138973775418
1.5811389737703514
1.5811389737652854
1.5811389737602197
1.581138973755154
1.5811389737500892
1.5811389737450243
1.5811389737399602
1.581138973734896
1.5811389737298323
1.5811389737247692
1.5811389737197061
1.5811389737146433
1.5811389737095811
1.5811389737045194
1.5811389736994577
1.5811389736943968
1.5811389736893358
1.5811389736842751
1.581138973679215
1.5811389736741552
1.5811389736690957
1.5811389736640367
1.581138973658978
1.5811389736539199
1.5811389736488615
1.581138973643804
1.5811389736387467
1.5811389736336896
1.5811389736286332
1.5811389736235768
1.5811389736185208
1.5811389736134653
1.5811389736084103
1.5811389736033552
1.5811389735983008
1.5811389735932466
1.581138973588193
1.5811389735831396
1.5811389735780865
1.5811389735730337
1.5811389735679813
1.5811389735629293
1.5811389735578776
1.5811389735528265
1.5811389735477754
1.5811389735427246
1.5811389735376746
1.5811389735326247
1.5811389735275752
1.5811389735225256
1.5811389735174768
1.5811389735124284
1.5811389735073802
1.5811389735023325
1.5811389734972852
1.5811389734922379
1.5811389734871912
1.5811389734821446
1.5811389734770986
1.5811389734720531
1.5811389734670078
1.5811389734619627
1.5811389734569181
1.5811389734518737
1.58113897344683
1.5811389734417864
1.5811389734367431
1.5811389734317003
1.5811389734266579
1.5811389734216157
1.5811389734165737
1.5811389734115322
1.581138973406491
1.5811389734014505
1.58113897339641
1.5811389733913699
1.5811389733863301
1.5811389733812908
1.581138973376252
1.5811389733712133
1.581138973366175
1.581138973361137
1.5811389733560997
1.5811389733510623
1.5811389733460253
1.5811389733409886
1.5811389733359524
1.5811389733309165
1.5811389733258812
1.581138973320846
1.5811389733158112
1.5811389733107768
1.5811389733057428
1.581138973300709
1.5811389732956755
1.5811389732906427
1.5811389732856098
1.5811389732805774
1.5811389732755454
1.581138973270514
1.5811389732654828
1.581138973260452
1.581138973255421
1.5811389732503907
1.581138973245361
1.5811389732403311
1.5811389732353018
1.5811389732302732
1.581138973225245
1.5811389732202168
1.581138973215189
1.5811389732101615
1.5811389732051344
1.5811389732001075
1.5811389731950816
1.5811389731900554
1.5811389731850296
1.5811389731800045
1.5811389731749794
1.5811389731699546
1.5811389731649306
1.5811389731599064
1.581138973154883
1.5811389731498597
1.5811389731448366
1.5811389731398142
1.581138973134792
1.5811389731297703
1.581138973124749
1.5811389731197276
1.5811389731147067
1.5811389731096863
1.5811389731046661
1.5811389730996463
1.581138973094627
1.5811389730896082
1.5811389730845895
1.5811389730795709
1.5811389730745529
1.5811389730695353
1.5811389730645182
1.5811389730595011
1.5811389730544845
1.5811389730494683
1.5811389730444523
1.5811389730394367
1.5811389730344216
1.5811389730294068
1.5811389730243923
1.5811389730193781
1.5811389730143643
1.5811389730093508
1.5811389730043377
1.581138972999325
1.5811389729943124
1.5811389729893004
1.5811389729842888
1.5811389729792773
1.5811389729742662
1.5811389729692558
1.581138972964245
1.5811389729592356
1.5811389729542258
1.5811389729492165
1.5811389729442076
1.5811389729391991
1.5811389729341907
1.5811389729291825
1.5811389729241754
1.581138972919168
1.581138972914161
1.5811389729091547
1.5811389729041487
1.581138972899143
1.5811389728941374
1.581138972889132
1.5811389728841274
1.5811389728791232
1.581138972874119
1.5811389728691152
1.5811389728641119
1.5811389728591088
1.581138972854106
1.5811389728491039
1.5811389728441019
1.5811389728391
1.5811389728340988
1.5811389728290983
1.5811389728240974
1.5811389728190972
1.5811389728140972
1.5811389728090977
1.5811389728040985
1.5811389727990997
1.5811389727941014
1.5811389727891032
1.5811389727841052
1.5811389727791076
1.5811389727741105
1.5811389727691139
1.5811389727641172
1.5811389727591214
1.5811389727541254
1.5811389727491303
1.5811389727441352
1.5811389727391403
1.5811389727341463
1.581138972729152
1.5811389727241583
1.5811389727191651
1.581138972714172
1.5811389727091798
1.5811389727041871
1.5811389726991956
1.5811389726942036
1.5811389726892127
1.5811389726842215
1.581138972679231
1.581138972674241
1.581138972669251
1.5811389726642615
1.5811389726592726
1.5811389726542835
1.581138972649295
1.581138972644307
1.5811389726393195
1.5811389726343321
1.5811389726293448
1.5811389726243579
1.581138972619372
1.5811389726143856
1.5811389726093998
1.5811389726044145
1.5811389725994294
1.581138972594445
1.5811389725894607
1.5811389725844767
1.5811389725794929
1.5811389725745097
1.5811389725695266
1.5811389725645444
1.5811389725595617
1.5811389725545801
1.5811389725495986
1.5811389725446172
1.5811389725396365
1.5811389725346559
1.5811389725296756
1.5811389725246958
1.5811389725197162
1.5811389725147373
1.5811389725097584
1.5811389725047802
1.5811389724998017
1.581138972494824
1.5811389724898468
1.5811389724848695
1.5811389724798928
1.5811389724749165
1.5811389724699405
1.581138972464965
1.5811389724599898
1.5811389724550144
1.58113897245004
1.5811389724450657
1.5811389724400915
1.5811389724351181
1.5811389724301448
1.5811389724251719
1.5811389724201992
1.581138972415227
1.581138972410255
1.5811389724052838
1.5811389724003124
1.5811389723953413
1.581138972390371
1.5811389723854006
1.581138972380431
1.5811389723754616
1.581138972370492
1.5811389723655236
1.581138972360555
1.581138972355587
1.5811389723506195
1.5811389723456515
1.5811389723406846
1.5811389723357179
1.5811389723307518
1.5811389723257858
1.5811389723208196
1.5811389723158544
1.581138972310889
1.5811389723059248
1.5811389723009606
1.5811389722959963
1.5811389722910327
1.5811389722860694
1.5811389722811067
1.581138972276144
1.5811389722711813
1.5811389722662195
1.581138972261258
1.5811389722562972
1.5811389722513363
1.5811389722463751
1.581138972241415
1.5811389722364553
1.5811389722314957
1.5811389722265365
1.5811389722215778
1.5811389722166191
1.5811389722116613
1.581138972206703
1.5811389722017455
1.5811389721967888
1.581138972191832
1.5811389721868756
1.5811389721819193
1.5811389721769635
1.5811389721720082
1.5811389721670535
1.5811389721620983
1.5811389721571443
1.5811389721521902
1.5811389721472364
1.581138972142283
1.58113897213733
1.5811389721323774
1.5811389721274252
1.5811389721224731
1.581138972117521
1.5811389721125697
1.581138972107619
1.5811389721026683
1.581138972097718
1.5811389720927682
1.5811389720878184
1.5811389720828695
1.5811389720779203
1.5811389720729718
1.5811389720680236
1.5811389720630757
1.581138972058128
1.581138972053181
1.5811389720482343
1.5811389720432876
1.5811389720383415
1.5811389720333955
1.5811389720284503
1.581138972023505
1.58113897201856
1.581138972013616
1.5811389720086717
1.581138972003728
1.5811389719987843
1.5811389719938413
1.5811389719888984
1.5811389719839561
1.581138971979014
1.5811389719740723
1.581138971969131
1.5811389719641897
1.5811389719592488
1.5811389719543085
1.5811389719493685
1.5811389719444289
1.5811389719394897
1.5811389719345503
1.5811389719296118
1.5811389719246733
1.5811389719197355
1.581138971914798
1.5811389719098605
1.5811389719049234
1.5811389718999869
1.5811389718950504
1.5811389718901148
1.5811389718851794
1.581138971880244
1.581138971875309
1.5811389718703743
1.58113897186544
1.5811389718605062
1.5811389718555726
1.5811389718506395
1.5811389718457065
1.581138971840774
1.5811389718358417
1.58113897183091
1.5811389718259783
1.5811389718210473
1.5811389718161164
1.5811389718111861
1.5811389718062558
1.581138971801326
1.5811389717963962
1.5811389717914672
1.5811389717865387
1.58113897178161
1.581138971776682
1.581138971771754
1.581138971766827
1.5811389717618993
1.5811389717569726
1.5811389717520463
1.5811389717471205
1.5811389717421946
1.5811389717372692
1.581138971732344
1.5811389717274191
1.5811389717224948
1.5811389717175708
1.5811389717126474
1.5811389717077238
1.5811389717028008
1.581138971697878
1.5811389716929558
1.5811389716880337
1.5811389716831121
1.5811389716781907
1.5811389716732696
1.581138971668349
1.5811389716634285
1.5811389716585087
1.581138971653589
1.58113897164867
1.5811389716437512
1.581138971638832
1.581138971633914
1.5811389716289959
1.5811389716240787
1.5811389716191613
1.581138971614244
1.5811389716093276
1.5811389716044113
1.5811389715994952
1.5811389715945798
1.5811389715896647
1.5811389715847495
1.5811389715798352
1.581138971574921
1.581138971570007
1.5811389715650936
1.58113897156018
1.581138971555267
1.5811389715503548
1.5811389715454425
1.5811389715405308
1.5811389715356194
1.5811389715307078
1.5811389715257973
1.5811389715208868
1.5811389715159765
1.5811389715110666
1.581138971506157
1.581138971501248
1.5811389714963393
1.581138971491431
1.5811389714865227
1.5811389714816149
1.5811389714767077
1.5811389714718003
1.5811389714668933
1.5811389714619872
1.581138971457081
1.581138971452175
1.5811389714472697
1.5811389714423647
1.58113897143746
1.5811389714325554
1.5811389714276514
1.5811389714227475
1.581138971417844
1.5811389714129407
1.5811389714080382
1.581138971403136
1.5811389713982338
1.5811389713933321
1.5811389713884307
1.5811389713835298
1.5811389713786288
1.5811389713737285
1.5811389713688284
1.5811389713639288
1.5811389713590296
1.5811389713541306
1.5811389713492319
1.5811389713443336
1.5811389713394355
1.5811389713345376
1.5811389713296402
1.5811389713247432
1.5811389713198465
1.5811389713149504
1.5811389713100543
1.5811389713051585
1.5811389713002633
1.5811389712953683
1.5811389712904738
1.5811389712855792
1.5811389712806851
1.5811389712757917
1.581138971270898
1.581138971266005
1.5811389712611121
1.5811389712562203
1.5811389712513282
1.5811389712464365
1.5811389712415453
1.5811389712366544
1.5811389712317636
1.5811389712268733
1.5811389712219834
1.5811389712170938
1.5811389712122046
1.5811389712073158
1.581138971202427
1.5811389711975385
1.5811389711926507
1.5811389711877633
1.5811389711828758
1.5811389711779889
1.5811389711731023
1.581138971168216
1.5811389711633301
1.5811389711584447
1.5811389711535593
1.5811389711486745
1.58113897114379
1.5811389711389057
1.5811389711340216
1.581138971129138
1.5811389711242547
1.5811389711193717
1.581138971114489
1.581138971109607
1.581138971104725
1.5811389710998436
1.5811389710949622
1.5811389710900814
1.5811389710852009
1.5811389710803205
1.5811389710754407
1.581138971070561
1.5811389710656818
1.581138971060803
1.5811389710559243
1.5811389710510462
1.5811389710461683
1.5811389710412906
1.5811389710364134
1.5811389710315364
1.5811389710266601
1.5811389710217838
1.581138971016908
1.5811389710120325
1.5811389710071573
1.5811389710022823
1.5811389709974077
1.5811389709925336
1.5811389709876598
1.581138970982786
1.581138970977913
1.58113897097304
1.5811389709681674
1.5811389709632953
1.5811389709584236
1.5811389709535517
1.5811389709486805
1.5811389709438097
1.5811389709389392
1.5811389709340693
1.5811389709291992
1.5811389709243298
1.5811389709194603
1.5811389709145915
1.581138970909723
1.581138970904855
1.581138970899987
1.5811389708951193
1.5811389708902523
1.5811389708853854
1.5811389708805188
1.5811389708756527
1.5811389708707868
1.5811389708659211
1.5811389708610557
1.5811389708561912
1.5811389708513266
1.5811389708464625
1.5811389708415984
1.581138970836735
1.5811389708318717
1.581138970827009
1.5811389708221464
1.581138970817284
1.5811389708124224
1.5811389708075607
1.5811389708026995
1.5811389707978387
1.5811389707929782
1.581138970788118
1.5811389707832582
1.5811389707783987
1.581138970773539
1.5811389707686805
1.5811389707638217
1.5811389707589636
1.581138970754106
1.5811389707492485
1.581138970744391
1.5811389707395342
1.5811389707346777
1.5811389707298213
1.5811389707249655
1.5811389707201102
1.5811389707152548
1.5811389707103998
1.5811389707055452
1.581138970700691
1.5811389706958372
1.5811389706909835
1.5811389706861303
1.5811389706812775
1.581138970676425
1.5811389706715728
1.5811389706667212
1.581138970661869
1.581138970657018
1.581138970652167
1.5811389706473165
1.5811389706424666
1.5811389706376162
1.5811389706327668
1.5811389706279178
1.5811389706230685
1.58113897061822
1.5811389706133718
1.5811389706085237
1.5811389706036767
1.5811389705988292
1.581138970593982
1.5811389705891352
1.5811389705842893
1.5811389705794432
1.5811389705745977
1.5811389705697525
1.5811389705649075
1.5811389705600627
1.5811389705552183
1.581138970550375
1.581138970545531
1.5811389705406877
1.5811389705358447
1.5811389705310024
1.58113897052616
1.5811389705213181
1.5811389705164762
1.581138970511635
1.5811389705067942
1.5811389705019534
1.581138970497113
1.5811389704922734
1.5811389704874335
1.5811389704825944
1.5811389704777552
1.5811389704729166
1.581138970468078
1.5811389704632406
1.581138970458403
1.5811389704535652
1.5811389704487284
1.5811389704438916
1.5811389704390553
1.5811389704342194
1.5811389704293837
1.5811389704245482
1.5811389704197132
1.5811389704148786
1.5811389704100443
1.5811389704052103
1.5811389704003767
1.5811389703955432
1.5811389703907104
1.5811389703858771
1.5811389703810448
1.581138970376213
1.5811389703713814
1.58113897036655
1.581138970361719
1.581138970356888
1.5811389703520577
1.5811389703472276
1.581138970342398
1.5811389703375687
1.5811389703327394
1.5811389703279104
1.581138970323082
1.5811389703182543
1.5811389703134262
1.581138970308599
1.581138970303772
1.581138970298945
1.5811389702941188
1.5811389702892924
1.581138970284467
1.5811389702796412
1.5811389702748162
1.5811389702699914
1.5811389702651668
1.5811389702603427
1.5811389702555187
1.5811389702506955
1.5811389702458725
1.5811389702410494
1.5811389702362268
1.581138970231405
1.581138970226583
1.5811389702217618
1.58113897021694
1.5811389702121192
1.581138970207299
1.5811389702024787
1.5811389701976588
1.5811389701928396
1.58113897018802
1.5811389701832013
1.5811389701783827
1.5811389701735645
1.5811389701687464
1.5811389701639291
1.5811389701591119
1.581138970154295
1.5811389701494785
1.581138970144662
1.5811389701398462
1.5811389701350307
1.5811389701302152
1.5811389701254004
1.581138970120586
1.5811389701157714
1.5811389701109575
1.5811389701061438
1.5811389701013305
1.5811389700965177
1.5811389700917051
1.5811389700868927
1.5811389700820806
1.5811389700772691
1.5811389700724578
1.5811389700676466
1.5811389700628362
1.5811389700580258
1.5811389700532157
1.581138970048406
1.5811389700435965
1.5811389700387877
1.5811389700339789
1.5811389700291703
1.5811389700243625
1.5811389700195546
1.5811389700147473
1.5811389700099403
1.5811389700051335
1.5811389700003273
1.5811389699955212
1.5811389699907155
1.5811389699859097
1.5811389699811047
1.5811389699763
1.5811389699714953
1.5811389699666913
1.5811389699618874
1.581138969957084
1.5811389699522809
1.581138969947478
1.5811389699426754
1.5811389699378735
1.5811389699330716
1.58113896992827
1.581138969923469
1.5811389699186678
1.5811389699138674
1.5811389699090672
1.5811389699042673
1.5811389698994678
1.5811389698946683
1.5811389698898695
1.5811389698850709
1.5811389698802725
1.5811389698754748
1.5811389698706773
1.58113896986588
1.5811389698610832
1.5811389698562863
1.58113896985149
1.5811389698466944
1.5811389698418985
1.581138969837103
1.5811389698323082
1.5811389698275133
1.5811389698227194
1.5811389698179252
1.5811389698131317
1.581138969808338
1.5811389698035452
1.5811389697987523
1.58113896979396
1.581138969789168
1.5811389697843763
1.581138969779585
1.581138969774794
1.5811389697700031
1.5811389697652127
1.5811389697604226
1.5811389697556326
1.5811389697508436
1.5811389697460543
1.5811389697412654
1.581138969736477
1.5811389697316887
1.5811389697269007
1.5811389697221134
1.5811389697173264
1.5811389697125395
1.581138969707753
1.5811389697029667
1.5811389696981808
1.5811389696933953
1.5811389696886102
1.5811389696838252
1.5811389696790408
1.5811389696742566
1.5811389696694726
1.581138969664689
1.5811389696599059
1.5811389696551228
1.58113896965034
1.5811389696455578
1.5811389696407758
1.581138969635994
1.5811389696312128
1.581138969626432
1.5811389696216513
1.581138969616871
1.581138969612091
1.5811389696073115
1.581138969602532
1.581138969597753
1.581138969592974
1.5811389695881957
1.5811389695834175
1.5811389695786398
1.5811389695738622
1.5811389695690854
1.5811389695643085
1.5811389695595321
1.581138969554756
1.5811389695499805
1.5811389695452047
1.5811389695404294
1.5811389695356548
1.58113896953088
1.5811389695261058
1.581138969521332
1.5811389695165587
1.5811389695117852
1.5811389695070126
1.5811389695022398
1.5811389694974678
1.5811389694926958
1.5811389694879243
1.581138969483153
1.5811389694783822
1.5811389694736113
1.5811389694688411
1.5811389694640712
1.5811389694593017
1.5811389694545324
1.5811389694497633
1.5811389694449944
1.581138969440226
1.581138969435458
1.5811389694306903
1.581138969425923
1.5811389694211562
1.5811389694163893
1.581138969411623
1.5811389694068567
1.581138969402091
1.5811389693973255
1.5811389693925602
1.5811389693877955
1.5811389693830313
1.581138969378267
1.5811389693735032
1.5811389693687397
1.5811389693639764
1.5811389693592135
1.5811389693544509
1.5811389693496887
1.581138969344927
1.5811389693401654
1.581138969335404
1.5811389693306432
1.5811389693258824
1.5811389693211226
1.5811389693163624
1.5811389693116027
1.5811389693068434
1.5811389693020843
1.5811389692973257
1.5811389692925673
1.5811389692878095
1.581138969283052
1.5811389692782942
1.5811389692735371
1.5811389692687805
1.581138969264024
1.581138969259268
1.581138969254512
1.5811389692497566
1.5811389692450015
1.5811389692402469
1.5811389692354922
1.581138969230738
1.5811389692259843
1.5811389692212308
1.5811389692164777
1.5811389692117248
1.5811389692069722
1.58113896920222
1.581138969197468
1.5811389691927167
1.5811389691879654
1.5811389691832143
1.5811389691784636
1.5811389691737137
1.5811389691689635
1.5811389691642137
1.5811389691594644
1.5811389691547155
1.5811389691499667
1.5811389691452185
1.5811389691404703
1.581138969135723
1.5811389691309754
1.581138969126228
1.5811389691214812
1.5811389691167352
1.5811389691119888
1.581138969107243
1.5811389691024977
1.5811389690977522
1.5811389690930076
1.5811389690882631
1.581138969083519
1.581138969078775
1.5811389690740314
1.5811389690692883
1.5811389690645454
1.581138969059803
1.5811389690550606
1.5811389690503184
1.5811389690455768
1.5811389690408355
1.5811389690360944
1.581138969031354
1.5811389690266135
1.5811389690218736
1.581138969017134
1.5811389690123945
1.5811389690076556
1.5811389690029167
1.5811389689981783
1.58113896899344
1.5811389689887023
1.581138968983965
1.581138968979228
1.5811389689744908
1.5811389689697546
1.5811389689650184
1.5811389689602826
1.5811389689555468
1.5811389689508115
1.5811389689460769
1.581138968941342
1.581138968936608
1.5811389689318738
1.5811389689271402
1.5811389689224071
1.5811389689176742
1.5811389689129414
1.5811389689082092
1.581138968903477
1.5811389688987456
1.5811389688940138
1.581138968889283
1.5811389688845523
1.5811389688798219
1.5811389688750919
1.581138968870362
1.5811389688656325
1.5811389688609032
1.5811389688561746
1.581138968851446
1.581138968846718
1.58113896884199
1.5811389688372623
1.5811389688325352
1.5811389688278081
1.5811389688230815
1.5811389688183553
1.5811389688136295
1.581138968808904
1.5811389688041786
1.5811389687994535
1.5811389687947288
1.5811389687900046
1.5811389687852804
1.5811389687805566
1.5811389687758335
1.5811389687711102
1.5811389687663875
1.5811389687616653
1.581138968756943
1.5811389687522213
1.5811389687474997
1.5811389687427786
1.5811389687380575
1.5811389687333373
1.5811389687286168
1.581138968723897
1.5811389687191777
1.5811389687144584
1.581138968709739
1.5811389687050208
1.5811389687003023
1.5811389686955843
1.5811389686908666
1.5811389686861494
1.5811389686814326
1.5811389686767154
1.581138968671999
1.581138968667283
1.5811389686625672
1.5811389686578519
1.581138968653137
1.581138968648422
1.5811389686437074
1.5811389686389934
1.5811389686342796
1.581138968629566
1.5811389686248525
1.5811389686201396
1.5811389686154276
1.5811389686107151
1.5811389686060033
1.5811389686012916
1.5811389685965804
1.5811389685918693
1.5811389685871586
1.5811389685824484
1.581138968577738
1.5811389685730284
1.581138968568319
1.5811389685636101
1.5811389685589015
1.5811389685541926
1.5811389685494845
1.581138968544777
1.581138968540069
1.5811389685353618
1.5811389685306552
1.5811389685259487
1.5811389685212425
1.5811389685165362
1.5811389685118307
1.5811389685071255
1.5811389685024209
1.581138968497716
1.5811389684930117
1.5811389684883075
1.581138968483604
1.5811389684789008
1.5811389684741977
1.5811389684694948
1.5811389684647923
1.5811389684600903
1.5811389684553883
1.581138968450687
1.5811389684459858
1.581138968441285
1.5811389684365844
1.5811389684318842
1.5811389684271844
1.5811389684224848
1.5811389684177855
1.5811389684130863
1.581138968408388
1.5811389684036896
1.5811389683989916
1.5811389683942942
1.5811389683895967
1.5811389683848995
1.581138968380203
1.5811389683755064
1.5811389683708106
1.5811389683661146
1.581138968361419
1.581138968356724
1.581138968352029
1.5811389683473347
1.5811389683426404
1.5811389683379464
1.581138968333253
1.58113896832856
1.5811389683238668
1.581138968319174
1.5811389683144819
1.5811389683097898
1.5811389683050983
1.581138968300407
1.5811389682957158
1.5811389682910253
1.5811389682863346
1.5811389682816448
1.5811389682769548
1.5811389682722654
1.581138968267576
1.5811389682628874
1.5811389682581989
1.5811389682535106
1.5811389682488226
1.581138968244135
1.581138968239448
1.581138968234761
1.5811389682300745
1.581138968225388
1.581138968220702
1.5811389682160162
1.5811389682113308
1.581138968206646
1.5811389682019612
1.581138968197277
1.581138968192593
1.5811389681879089
1.5811389681832257
1.5811389681785422
1.5811389681738597
1.581138968169177
1.5811389681644947
1.5811389681598127
1.5811389681551313
1.58113896815045
1.581138968145769
1.5811389681410881
1.5811389681364076
1.5811389681317278
1.5811389681270485
1.5811389681223689
1.58113896811769
1.5811389681130112
1.5811389681083328
1.5811389681036545
1.5811389680989767
1.581138968094299
1.5811389680896222
1.581138968084945
1.5811389680802685
1.5811389680755925
1.5811389680709163
1.5811389680662407
1.5811389680615655
1.5811389680568904
1.5811389680522157
1.5811389680475416
1.5811389680428674
1.5811389680381933
1.5811389680335202
1.5811389680288472
1.5811389680241743
1.5811389680195018
1.5811389680148296
1.581138968010158
1.5811389680054861
1.5811389680008148
1.5811389679961443
1.5811389679914736
1.5811389679868035
1.5811389679821333
1.5811389679774637
1.5811389679727945
1.5811389679681251
1.5811389679634564
1.5811389679587882
1.58113896795412
1.5811389679494525
1.5811389679447847
1.5811389679401175
1.581138967935451
1.5811389679307841
1.581138967926118
1.5811389679214523
1.5811389679167869
1.5811389679121217
1.5811389679074561
1.5811389679027918
1.5811389678981276
1.5811389678934633
1.5811389678888
1.5811389678841363
1.5811389678794734
1.5811389678748105
1.5811389678701482
1.581138967865486
1.581138967860824
1.5811389678561627
1.5811389678515013
1.5811389678468404
1.5811389678421799
1.5811389678375198
1.5811389678328596
1.5811389678282002
1.5811389678235408
1.5811389678188819
1.5811389678142231
1.5811389678095646
1.5811389678049068
1.5811389678002488
1.5811389677955912
1.5811389677909342
1.5811389677862773
1.581138967781621
1.5811389677769647
1.5811389677723087
1.581138967767653
1.5811389677629981
1.5811389677583432
1.5811389677536885
1.5811389677490342
1.58113896774438
1.5811389677397263
1.581138967735073
1.58113896773042
1.581138967725767
1.5811389677211147
1.5811389677164625
1.5811389677118106
1.5811389677071592
1.581138967702508
1.5811389676978567
1.5811389676932064
1.581138967688556
1.581138967683906
1.5811389676792562
1.581138967674607
1.5811389676699579
1.5811389676653091
1.5811389676606609
1.5811389676560128
1.581138967651365
1.5811389676467176
1.5811389676420704
1.5811389676374235
1.581138967632777
1.5811389676281307
1.5811389676234848
1.5811389676188392
1.5811389676141938
1.5811389676095489
1.5811389676049044
1.5811389676002598
1.581138967595616
1.581138967590972
1.5811389675863283
1.5811389675816856
1.5811389675770426
1.5811389675724001
1.581138967567758
1.581138967563116
1.5811389675584746
1.5811389675538332
1.5811389675491923
1.5811389675445517
1.5811389675399115
1.5811389675352714
1.5811389675306313
1.5811389675259921
1.5811389675213532
1.5811389675167145
1.581138967512076
1.5811389675074377
1.5811389675027998
1.5811389674981624
1.5811389674935252
1.5811389674888883
1.5811389674842515
1.581138967479615
1.5811389674749792
1.5811389674703438
1.5811389674657084
1.5811389674610734
1.5811389674564384
1.581138967451804
1.5811389674471699
1.581138967442536
1.5811389674379028
1.5811389674332692
1.5811389674286367
1.5811389674240037
1.5811389674193717
1.5811389674147396
1.5811389674101082
1.5811389674054768
1.5811389674008458
1.581138967396215
1.5811389673915845
1.5811389673869547
1.5811389673823246
1.5811389673776952
1.5811389673730663
1.581138967368437
1.5811389673638088
1.5811389673591802
1.5811389673545524
1.581138967349925
1.5811389673452976
1.5811389673406704
1.5811389673360439
1.5811389673314176
1.5811389673267917
1.5811389673221654
1.5811389673175402
1.5811389673129148
1.58113896730829
1.5811389673036655
1.5811389672990415
1.5811389672944176
1.581138967289794
1.5811389672851706
1.5811389672805474
1.581138967275925
1.5811389672713025
1.5811389672666802
1.5811389672620588
1.5811389672574372
1.5811389672528162
1.5811389672481952
1.5811389672435747
1.5811389672389549
1.5811389672343348
1.5811389672297151
1.581138967225096
1.5811389672204768
1.581138967215858
1.58113896721124
1.5811389672066216
1.5811389672020042
1.5811389671973866
1.5811389671927696
1.5811389671881524
1.581138967183536
1.5811389671789198
1.5811389671743041
1.5811389671696885
1.581138967165073
1.581138967160458
1.5811389671558436
1.5811389671512288
1.5811389671466152
1.581138967142001
1.5811389671373879
1.5811389671327745
1.581138967128162
1.5811389671235494
1.5811389671189373
1.5811389671143254
1.5811389671097138
1.5811389671051022
1.5811389671004914
1.5811389670958806
1.5811389670912703
1.5811389670866605
1.5811389670820506
1.5811389670774414
1.5811389670728322
1.5811389670682232
1.5811389670636147
1.5811389670590066
1.5811389670543987
1.581138967049791
1.5811389670451839
1.5811389670405767
1.5811389670359701
1.5811389670313638
1.5811389670267577
1.581138967022152
1.5811389670175464
1.5811389670129417
1.5811389670083367
1.5811389670037324
1.5811389669991278
1.5811389669945242
1.5811389669899205
1.5811389669853173
1.581138966980714
1.5811389669761113
1.5811389669715092
1.5811389669669071
1.5811389669623053
1.5811389669577038
1.5811389669531024
1.5811389669485019
1.5811389669439013
1.5811389669393012
1.5811389669347011
1.5811389669301017
1.5811389669255023
1.581138966920903
1.5811389669163045
1.5811389669117062
1.581138966907108
1.5811389669025102
1.5811389668979128
1.5811389668933158
1.5811389668887188
1.5811389668841225
1.5811389668795264
1.5811389668749303
1.5811389668703346
1.5811389668657392
1.5811389668611442
1.5811389668565494
1.581138966851955
1.581138966847361
1.5811389668427671
1.581138966838174
1.5811389668335805
1.5811389668289875
1.5811389668243954
1.5811389668198028
1.581138966815211
1.5811389668106193
1.5811389668060278
1.5811389668014366
1.5811389667968463
1.5811389667922557
1.5811389667876656
1.5811389667830755
1.5811389667784863
1.5811389667738969
1.5811389667693079
1.5811389667647195
1.5811389667601314
1.581138966755543
1.5811389667509554
1.581138966746368
1.581138966741781
1.5811389667371945
1.581138966732608
1.5811389667280218
1.5811389667234361
1.5811389667188505
1.5811389667142652
1.5811389667096805
1.581138966705096
1.5811389667005111
1.5811389666959272
1.5811389666913434
1.58113896668676
1.5811389666821771
1.5811389666775941
1.5811389666730116
1.5811389666684295
1.5811389666638478
1.581138966659266
1.5811389666546847
1.581138966650104
1.5811389666455231
1.5811389666409428
1.5811389666363627
1.5811389666317828
1.5811389666272033
1.5811389666226243
1.5811389666180453
1.581138966613467
1.5811389666088886
1.5811389666043107
1.5811389665997329
1.5811389665951558
1.5811389665905788
1.5811389665860018
1.5811389665814257
1.5811389665768496
1.5811389665722737
1.5811389665676983
1.581138966563123
1.581138966558548
1.5811389665539735
1.5811389665493993
1.5811389665448254
1.5811389665402518
1.5811389665356785
1.5811389665311053
1.581138966526533
1.5811389665219597
1.5811389665173878
1.581138966512816
1.5811389665082443
1.5811389665036735
1.5811389664991022
1.5811389664945317
1.5811389664899616
1.5811389664853912
1.5811389664808215
1.581138966476252
1.5811389664716833
1.5811389664671145
1.581138966462546
1.5811389664579776
1.58113896645341
1.581138966448842
1.5811389664442745
1.581138966439708
1.5811389664351412
1.5811389664305744
1.5811389664260085
1.5811389664214426
1.5811389664168771
1.5811389664123119
1.5811389664077473
1.581138966403183
1.5811389663986186
1.5811389663940545
1.5811389663894908
1.5811389663849276
1.5811389663803646
1.5811389663758015
1.5811389663712392
1.581138966366677
1.5811389663621156
1.5811389663575537
1.5811389663529924
1.5811389663484317
1.5811389663438709
1.5811389663393105
1.5811389663347506
1.5811389663301907
1.5811389663256314
1.5811389663210724
1.5811389663165136
1.581138966311955
1.5811389663073967
1.5811389663028388
1.5811389662982813
1.5811389662937239
1.5811389662891668
1.58113896628461
1.581138966280054
1.581138966275498
1.5811389662709419
1.5811389662663864
1.5811389662618311
1.5811389662572763
1.5811389662527215
1.5811389662481676
1.5811389662436133
1.5811389662390596
1.5811389662345066
1.581138966229953
1.5811389662254005
1.581138966220848
1.581138966216296
1.5811389662117439
1.5811389662071926
1.5811389662026412
1.5811389661980901
1.58113896619354
1.5811389661889892
1.5811389661844393
1.5811389661798896
1.58113896617534
1.5811389661707909
1.5811389661662418
1.5811389661616932
1.581138966157145
1.5811389661525974
1.5811389661480493
1.581138966143502
1.5811389661389552
1.5811389661344084
1.581138966129862
1.5811389661253157
1.5811389661207698
1.5811389661162245
1.5811389661116793
1.581138966107134
1.5811389661025894
1.5811389660980455
1.5811389660935014
1.5811389660889574
1.5811389660844142
1.581138966079871
1.5811389660753286
1.5811389660707855
1.5811389660662432
1.5811389660617015
1.58113896605716
1.5811389660526185
1.5811389660480775
1.5811389660435369
1.581138966038996
1.5811389660344561
1.5811389660299162
1.581138966025377
1.5811389660208375
1.5811389660162987
1.5811389660117598
1.5811389660072217
1.581138966002684
1.581138965998146
1.5811389659936086
1.5811389659890716
1.5811389659845347
1.5811389659799981
1.5811389659754618
1.581138965970926
1.5811389659663901
1.5811389659618549
1.58113896595732
1.5811389659527852
1.5811389659482509
1.581138965943717
1.581138965939183
1.5811389659346493
1.5811389659301163
1.5811389659255832
1.5811389659210506
1.5811389659165183
1.5811389659119863
1.5811389659074544
1.5811389659029231
1.581138965898392
1.581138965893861
1.5811389658893307
1.5811389658848005
1.5811389658802706
1.5811389658757407
1.5811389658712116
1.5811389658666823
1.5811389658621537
1.5811389658576254
1.5811389658530974
1.5811389658485693
1.581138965844042
1.5811389658395145
1.5811389658349877
1.581138965830461
1.581138965825935
1.5811389658214088
1.581138965816883
1.5811389658123576
1.5811389658078325
1.5811389658033077
1.5811389657987829
1.581138965794259
1.581138965789735
1.581138965785211
1.5811389657806878
1.5811389657761648
1.5811389657716421
1.5811389657671193
1.5811389657625974
1.5811389657580754
1.5811389657535542
1.5811389657490327
1.5811389657445118
1.5811389657399908
1.5811389657354709
1.5811389657309505
1.5811389657264308
1.5811389657219117
1.5811389657173922
1.5811389657128734
1.581138965708355
1.5811389657038368
1.5811389656993184
1.5811389656948007
1.581138965690284
1.5811389656857666
1.5811389656812498
1.5811389656767332
1.5811389656722175
1.5811389656677013
1.5811389656631856
1.5811389656586707
1.5811389656541555
1.5811389656496408
1.5811389656451265
1.581138965640612
1.5811389656360986
1.581138965631585
1.5811389656270718
1.581138965622559
1.5811389656180463
1.581138965613534
1.5811389656090218
1.5811389656045103
1.581138965599999
1.5811389655954877
1.5811389655909769
1.5811389655864665
1.5811389655819563
1.5811389655774462
1.5811389655729366
1.5811389655684274
1.5811389655639183
1.5811389655594095
1.581138965554901
1.5811389655503931
1.5811389655458852
1.5811389655413777
1.5811389655368706
1.5811389655323635
1.581138965527857
1.5811389655233505
1.5811389655188444
1.5811389655143386
